triton_output_with_fp16_inputs=tensor([[-0.5210,  2.8730, -1.0684,  ..., -0.6885,  0.5825,  0.4065],
        [ 2.3477, -1.5615,  1.9453,  ..., -0.5010, -1.8594, -2.7246],
        [ 0.3354, -1.3828,  2.9043,  ..., -0.8320, -1.8623,  3.4531],
        ...,
        [ 2.0586,  1.3125, -4.1484,  ..., -2.4297,  1.2734, -1.3037],
        [-0.3135, -2.9375, -1.8770,  ...,  1.1973, -1.7500,  4.0312],
        [ 0.3804, -0.9829,  0.4966,  ...,  1.4756,  0.3811,  2.7070]],
       device='cuda:0', dtype=torch.float16)
torch_output_with_fp16_inputs=tensor([[-0.5210,  2.8730, -1.0684,  ..., -0.6885,  0.5825,  0.4065],
        [ 2.3477, -1.5615,  1.9453,  ..., -0.5010, -1.8594, -2.7246],
        [ 0.3354, -1.3828,  2.9043,  ..., -0.8320, -1.8623,  3.4531],
        ...,
        [ 2.0586,  1.3125, -4.1484,  ..., -2.4297,  1.2734, -1.3037],
        [-0.3135, -2.9375, -1.8770,  ...,  1.1973, -1.7500,  4.0312],
        [ 0.3804, -0.9829,  0.4966,  ...,  1.4756,  0.3811,  2.7070]],
       device='cuda:0', dtype=torch.float16)
✅ Triton and Torch match
matmul-performance-fp16:
         M       N       K  rocBLAS (TFLOPS)  Triton (TFLOPS)
0    256.0   256.0   256.0          2.426908         3.376037
1    384.0   384.0   384.0          6.496455         8.886237
2    512.0   512.0   512.0          8.942930         9.582703
3    640.0   640.0   640.0         15.106987        16.644593
4    768.0   768.0   768.0         15.537124        18.409340
5    896.0   896.0   896.0         20.768677        23.273041
6   1024.0  1024.0  1024.0         10.871656        13.154852
7   1152.0  1152.0  1152.0         30.678327        25.255726
8   1280.0  1280.0  1280.0         35.180032        26.449471
9   1408.0  1408.0  1408.0         34.498088        26.597323
10  1536.0  1536.0  1536.0         23.576230        25.522610
11  1664.0  1664.0  1664.0         37.006459        29.752167
12  1792.0  1792.0  1792.0         37.548474        30.064261
13  1920.0  1920.0  1920.0         39.199864        34.530495
14  2048.0  2048.0  2048.0         11.943885        16.532267
15  2176.0  2176.0  2176.0         43.410497        34.152309
16  2304.0  2304.0  2304.0         40.383776        34.519900
17  2432.0  2432.0  2432.0         42.879526        34.681261
18  2560.0  2560.0  2560.0         36.849111        35.159387
19  2688.0  2688.0  2688.0         43.105172        36.502919
20  2816.0  2816.0  2816.0         43.713287        36.941931
21  2944.0  2944.0  2944.0         43.444660        37.816820
22  3072.0  3072.0  3072.0         31.405703        32.034994
23  3200.0  3200.0  3200.0         46.330354        38.537566
24  3328.0  3328.0  3328.0         42.687125        37.809663
25  3456.0  3456.0  3456.0         42.324872        38.266426
26  3584.0  3584.0  3584.0         34.008477        37.617860
27  3712.0  3712.0  3712.0         44.384776        38.955647
28  3840.0  3840.0  3840.0         44.734205        38.390353
29  3968.0  3968.0  3968.0         45.514792        39.410294
30  4096.0  4096.0  4096.0         32.034827        30.946345
