triton_output_with_fp16_inputs=tensor([[-0.5210,  2.8730, -1.0684,  ..., -0.6885,  0.5825,  0.4065],
        [ 2.3477, -1.5615,  1.9453,  ..., -0.5010, -1.8594, -2.7246],
        [ 0.3354, -1.3828,  2.9043,  ..., -0.8320, -1.8623,  3.4531],
        ...,
        [ 2.0586,  1.3125, -4.1484,  ..., -2.4297,  1.2734, -1.3037],
        [-0.3135, -2.9375, -1.8770,  ...,  1.1973, -1.7500,  4.0312],
        [ 0.3804, -0.9829,  0.4966,  ...,  1.4756,  0.3811,  2.7070]],
       device='cuda:0', dtype=torch.float16)
torch_output_with_fp16_inputs=tensor([[-0.5210,  2.8730, -1.0684,  ..., -0.6885,  0.5825,  0.4065],
        [ 2.3477, -1.5615,  1.9453,  ..., -0.5010, -1.8594, -2.7246],
        [ 0.3354, -1.3828,  2.9043,  ..., -0.8320, -1.8623,  3.4531],
        ...,
        [ 2.0586,  1.3125, -4.1484,  ..., -2.4297,  1.2734, -1.3037],
        [-0.3135, -2.9375, -1.8770,  ...,  1.1973, -1.7500,  4.0312],
        [ 0.3804, -0.9829,  0.4966,  ...,  1.4756,  0.3811,  2.7070]],
       device='cuda:0', dtype=torch.float16)
✅ Triton and Torch match
matmul-performance-fp16:
         M       N       K  rocBLAS (TFLOPS)  Triton (TFLOPS)
0    256.0   256.0   256.0          2.169140         3.417296
1    384.0   384.0   384.0          5.584683         9.115483
2    512.0   512.0   512.0          8.168567         9.930652
3    640.0   640.0   640.0         13.902972        17.537062
4    768.0   768.0   768.0         15.548055        20.514224
5    896.0   896.0   896.0         20.786682        25.587305
6   1024.0  1024.0  1024.0         10.898166        17.071093
7   1152.0  1152.0  1152.0         30.445864        29.188282
8   1280.0  1280.0  1280.0         35.209563        28.642672
9   1408.0  1408.0  1408.0         34.713027        30.632912
10  1536.0  1536.0  1536.0         23.518011        27.216462
11  1664.0  1664.0  1664.0         37.009505        34.174014
12  1792.0  1792.0  1792.0         37.580351        33.070998
13  1920.0  1920.0  1920.0         40.112427        35.877281
14  2048.0  2048.0  2048.0         12.198449        17.760697
15  2176.0  2176.0  2176.0         43.341016        37.056627
16  2304.0  2304.0  2304.0         40.806313        35.731376
17  2432.0  2432.0  2432.0         43.117762        37.101962
18  2560.0  2560.0  2560.0         37.731688        35.196341
19  2688.0  2688.0  2688.0         43.114740        37.029363
20  2816.0  2816.0  2816.0         43.351117        37.163662
21  2944.0  2944.0  2944.0         43.135608        38.605607
22  3072.0  3072.0  3072.0         32.600930        32.865289
23  3200.0  3200.0  3200.0         45.507792        38.121186
24  3328.0  3328.0  3328.0         44.658205        38.155516
25  3456.0  3456.0  3456.0         44.378669        39.000312
26  3584.0  3584.0  3584.0         35.455417        37.955312
27  3712.0  3712.0  3712.0         45.762172        39.445665
28  3840.0  3840.0  3840.0         45.714050        39.759647
29  3968.0  3968.0  3968.0         44.682189        39.729670
30  4096.0  4096.0  4096.0         32.083974        30.633847
