triton_output_with_fp16_inputs=tensor([[-0.5210,  2.8730, -1.0684,  ..., -0.6885,  0.5825,  0.4065],
        [ 2.3477, -1.5615,  1.9453,  ..., -0.5010, -1.8594, -2.7246],
        [ 0.3354, -1.3828,  2.9043,  ..., -0.8320, -1.8623,  3.4531],
        ...,
        [ 2.0586,  1.3125, -4.1484,  ..., -2.4297,  1.2734, -1.3037],
        [-0.3135, -2.9375, -1.8770,  ...,  1.1973, -1.7500,  4.0312],
        [ 0.3804, -0.9829,  0.4966,  ...,  1.4756,  0.3811,  2.7070]],
       device='cuda:0', dtype=torch.float16)
torch_output_with_fp16_inputs=tensor([[-0.5210,  2.8730, -1.0684,  ..., -0.6885,  0.5825,  0.4065],
        [ 2.3477, -1.5615,  1.9453,  ..., -0.5010, -1.8594, -2.7246],
        [ 0.3354, -1.3828,  2.9043,  ..., -0.8320, -1.8623,  3.4531],
        ...,
        [ 2.0586,  1.3125, -4.1484,  ..., -2.4297,  1.2734, -1.3037],
        [-0.3135, -2.9375, -1.8770,  ...,  1.1973, -1.7500,  4.0312],
        [ 0.3804, -0.9829,  0.4966,  ...,  1.4756,  0.3811,  2.7070]],
       device='cuda:0', dtype=torch.float16)
✅ Triton and Torch match
matmul-performance-fp16:
         M       N       K  rocBLAS (TFLOPS)  Triton (TFLOPS)
0    256.0   256.0   256.0          2.293850         3.349080
1    384.0   384.0   384.0          5.986953         8.384881
2    512.0   512.0   512.0          8.351938         9.414163
3    640.0   640.0   640.0         14.067293        16.581422
4    768.0   768.0   768.0         15.431135        18.260732
5    896.0   896.0   896.0         20.601680        23.310750
6   1024.0  1024.0  1024.0         10.954956        13.114564
7   1152.0  1152.0  1152.0         30.264749        25.268353
8   1280.0  1280.0  1280.0         35.168232        26.482869
9   1408.0  1408.0  1408.0         34.566442        26.554183
10  1536.0  1536.0  1536.0         23.453932        25.531690
11  1664.0  1664.0  1664.0         37.101894        29.424689
12  1792.0  1792.0  1792.0         37.738387        29.785174
13  1920.0  1920.0  1920.0         39.935498        34.244229
14  2048.0  2048.0  2048.0         12.226612        16.391598
15  2176.0  2176.0  2176.0         43.298987        34.105874
16  2304.0  2304.0  2304.0         39.840744        33.951511
17  2432.0  2432.0  2432.0         43.652548        35.146482
18  2560.0  2560.0  2560.0         35.329194        35.971232
19  2688.0  2688.0  2688.0         43.060087        36.804341
20  2816.0  2816.0  2816.0         40.108874        36.763324
21  2944.0  2944.0  2944.0         41.396719        37.609024
22  3072.0  3072.0  3072.0         30.884085        31.766971
23  3200.0  3200.0  3200.0         45.641093        38.567502
24  3328.0  3328.0  3328.0         39.821023        37.745970
25  3456.0  3456.0  3456.0         40.196927        38.314056
26  3584.0  3584.0  3584.0         32.705658        37.695559
27  3712.0  3712.0  3712.0         44.391651        38.759190
28  3840.0  3840.0  3840.0         44.991606        38.416923
29  3968.0  3968.0  3968.0         44.770017        39.315806
30  4096.0  4096.0  4096.0         32.373763        30.949080
