triton_output_with_fp16_inputs=tensor([[-0.5210,  2.8730, -1.0684,  ..., -0.6885,  0.5825,  0.4065],
        [ 2.3477, -1.5615,  1.9453,  ..., -0.5010, -1.8594, -2.7246],
        [ 0.3354, -1.3828,  2.9043,  ..., -0.8320, -1.8623,  3.4531],
        ...,
        [ 2.0586,  1.3125, -4.1484,  ..., -2.4297,  1.2734, -1.3037],
        [-0.3135, -2.9375, -1.8770,  ...,  1.1973, -1.7500,  4.0312],
        [ 0.3804, -0.9829,  0.4966,  ...,  1.4756,  0.3811,  2.7070]],
       device='cuda:0', dtype=torch.float16)
torch_output_with_fp16_inputs=tensor([[-0.5210,  2.8730, -1.0684,  ..., -0.6885,  0.5825,  0.4065],
        [ 2.3477, -1.5615,  1.9453,  ..., -0.5010, -1.8594, -2.7246],
        [ 0.3354, -1.3828,  2.9043,  ..., -0.8320, -1.8623,  3.4531],
        ...,
        [ 2.0586,  1.3125, -4.1484,  ..., -2.4297,  1.2734, -1.3037],
        [-0.3135, -2.9375, -1.8770,  ...,  1.1973, -1.7500,  4.0312],
        [ 0.3804, -0.9829,  0.4966,  ...,  1.4756,  0.3811,  2.7070]],
       device='cuda:0', dtype=torch.float16)
✅ Triton and Torch match
matmul-performance-fp16:
         M       N       K  rocBLAS (TFLOPS)  Triton (TFLOPS)
0    256.0   256.0   256.0          2.186170         3.445721
1    384.0   384.0   384.0          5.606803         9.085864
2    512.0   512.0   512.0          8.208534        10.118567
3    640.0   640.0   640.0         14.082407        17.655172
4    768.0   768.0   768.0         15.331771        20.347895
5    896.0   896.0   896.0         20.696968        25.678649
6   1024.0  1024.0  1024.0         10.957192        17.235851
7   1152.0  1152.0  1152.0         30.361216        29.266508
8   1280.0  1280.0  1280.0         35.262846        28.678021
9   1408.0  1408.0  1408.0         34.600936        30.846606
10  1536.0  1536.0  1536.0         23.585475        27.439492
11  1664.0  1664.0  1664.0         37.394584        34.577368
12  1792.0  1792.0  1792.0         37.942736        33.318482
13  1920.0  1920.0  1920.0         39.590818        35.921026
14  2048.0  2048.0  2048.0         11.724048        18.081313
15  2176.0  2176.0  2176.0         43.589007        37.059293
16  2304.0  2304.0  2304.0         40.893838        36.525717
17  2432.0  2432.0  2432.0         43.935814        37.956327
18  2560.0  2560.0  2560.0         35.921112        36.097656
19  2688.0  2688.0  2688.0         42.914301        37.787994
20  2816.0  2816.0  2816.0         41.192690        37.723453
21  2944.0  2944.0  2944.0         41.617305        39.222784
22  3072.0  3072.0  3072.0         30.867996        33.627233
23  3200.0  3200.0  3200.0         45.541393        38.917258
24  3328.0  3328.0  3328.0         43.332180        38.589349
25  3456.0  3456.0  3456.0         42.041549        38.953867
26  3584.0  3584.0  3584.0         31.273113        37.613849
27  3712.0  3712.0  3712.0         44.047777        39.593134
28  3840.0  3840.0  3840.0         43.466408        39.740084
29  3968.0  3968.0  3968.0         43.379510        39.736770
30  4096.0  4096.0  4096.0         32.598760        30.929039
